9.697414907005953
9.197414907005953
8.697414907005953
8.197414907005953
7.697414907005953
7.197414907005953
6.697414907005953
6.197414907005953
5.697414907005953
5.197414907005953
4.697414907005953
4.197414907005953
3.697414907005953
3.197414907005953
2.697414907005953
2.197414907005953
1.6974149070059532
1.1974149070059532
0.6974149070059532
0.1974149070059532
-0.3025850929940468
-0.8025850929940468
-1.3025850929940468
-1.8025850929940468
-2.302585092994047
-2.802585092994047
-3.302585092994047
-3.802585092994047
-4.302585092994047
-4.802585092994047
-5.302585092994047
-5.802585092994047
-6.302585092994047
-6.802585092994047
-7.302585092994047
-7.802585092994047
-8.302585092994047
-8.802585092994047
-9.302585092994047
-9.802585092994047
-10.302585092994047
-10.802585092994047
-11.302585092994047
-11.802585092994047
-12.302585092994047
-12.802585092994047
-13.302585092994047
-13.802585092994047
-14.302585092994047
-14.802585092994047
-15.302585092994047
-15.802585092994047
-16.302585092994047
-16.802585092994047
-17.302585092994047
